[[5.0537105]
 [5.0065007]
 [5.0433016]
 [5.0556784]
 [4.983518 ]
 [4.596264 ]
 [5.029665 ]
 [2.6436121]
 [4.675573 ]
 [3.6414387]
 [2.9110417]
 [2.690355 ]]
[[5]
 [5]
 [5]
 [5]
 [5]
 [4]
 [3]
 [3]
 [3]
 [3]
 [4]
 [3]][[4.8346186]
 [4.90742  ]
 [4.9198074]
 [4.9121428]
 [4.907558 ]
 [4.8680773]
 [4.8693542]
 [4.8450737]
 [4.6107855]
 [4.484771 ]
 [4.8300357]
 [4.7651906]]
[[3]
 [5]
 [5]
 [5]
 [5]
 [5]
 [5]
 [4]
 [4]
 [3]
 [3]
 [4]][[4.972387 ]
 [4.975699 ]
 [4.974811 ]
 [4.9478626]
 [2.0252056]
 [4.693173 ]
 [4.973903 ]
 [2.025671 ]
 [4.9240146]
 [4.973461 ]
 [4.974512 ]
 [4.9725184]
 [4.9755387]
 [4.974892 ]
 [4.9757347]
 [4.975756 ]
 [4.9753523]
 [4.9754686]
 [2.7011812]
 [4.951574 ]
 [2.0506163]
 [2.0259893]
 [2.138188 ]
 [4.952312 ]
 [2.025358 ]
 [2.0270903]
 [2.0252182]
 [2.0253763]
 [2.0252624]
 [2.0252244]
 [4.9512925]
 [2.0364785]
 [2.0252168]
 [2.0252914]
 [2.0284219]
 [2.5104198]
 [2.0258162]
 [2.0252216]
 [2.0241656]
 [2.0289652]
 [2.0252197]
 [2.0252984]]
[[3]
 [5]
 [5]
 [3]
 [2]
 [3]
 [3]
 [2]
 [3]
 [5]
 [5]
 [5]
 [5]
 [5]
 [5]
 [5]
 [5]
 [5]
 [5]
 [2]
 [2]
 [2]
 [2]
 [2]
 [2]
 [2]
 [2]
 [2]
 [2]
 [2]
 [2]
 [2]
 [2]
 [2]
 [2]
 [2]
 [2]
 [2]
 [2]
 [2]
 [2]
 [2]][[4.665138 ]
 [4.66258  ]
 [4.6728234]
 [4.4107766]
 [4.352224 ]
 [3.4123209]
 [2.1264322]
 [2.1287272]
 [4.659495 ]
 [4.650763 ]
 [4.6611524]
 [4.662989 ]
 [4.659932 ]
 [4.6841207]
 [4.6662803]
 [4.6669936]
 [3.5489466]
 [4.6687903]
 [4.6663175]
 [4.6632247]
 [4.6593957]
 [2.225256 ]
 [2.127291 ]
 [2.1289093]
 [2.1310928]
 [2.1798446]
 [2.1267965]
 [2.127736 ]
 [2.1346114]
 [2.1264396]
 [2.1455877]
 [2.1321566]
 [2.1498122]
 [2.1517823]
 [2.127444 ]
 [2.1291575]
 [2.1280873]
 [2.1284757]
 [2.1278067]
 [2.184513 ]
 [2.1262245]]
[[5]
 [5]
 [5]
 [3]
 [3]
 [2]
 [2]
 [2]
 [5]
 [5]
 [5]
 [5]
 [5]
 [5]
 [5]
 [5]
 [2]
 [5]
 [5]
 [5]
 [5]
 [2]
 [2]
 [2]
 [2]
 [2]
 [2]
 [2]
 [2]
 [2]
 [2]
 [2]
 [2]
 [2]
 [2]
 [2]
 [2]
 [2]
 [2]
 [2]
 [2]][[5.045006 ]
 [4.0180626]
 [5.143693 ]
 [4.944257 ]
 [4.0180626]
 [5.0334883]
 [5.0626607]
 [3.8622482]
 [3.8622482]
 [4.8705645]
 [3.8622482]
 [5.041725 ]
 [4.982066 ]
 [5.059925 ]
 [3.6050913]]
[[5]
 [5]
 [5]
 [5]
 [5]
 [5]
 [5]
 [2]
 [2]
 [2]
 [3]
 [3]
 [5]
 [5]
 [2]][[4.3334084]
 [4.972028 ]
 [4.2550554]
 [4.2871823]
 [4.9780045]
 [3.0640483]
 [4.968832 ]
 [4.9260454]
 [4.949586 ]
 [4.2550554]
 [4.740534 ]
 [4.368223 ]
 [4.2550554]
 [4.6305065]
 [4.740534 ]]
[[5]
 [5]
 [5]
 [5]
 [5]
 [5]
 [5]
 [5]
 [5]
 [5]
 [2]
 [2]
 [2]
 [3]
 [5]][[4.014443 ]
 [4.014443 ]
 [4.0149746]
 [4.0149746]
 [4.001087 ]
 [4.0149746]
 [4.0149746]
 [4.0149746]
 [4.014443 ]
 [4.014443 ]
 [4.014443 ]
 [3.9963686]
 [4.0302253]
 [4.014443 ]]
[[5]
 [5]
 [5]
 [5]
 [5]
 [5]
 [5]
 [4]
 [4]
 [4]
 [3]
 [4]
 [4]
 [4]][[4.2760477]
 [4.2760477]
 [4.280106 ]
 [4.278471 ]
 [4.278471 ]
 [4.276611 ]
 [4.276611 ]
 [4.2742424]
 [4.276831 ]
 [4.276611 ]
 [4.278551 ]
 [4.290769 ]
 [4.2742424]]
[[4]
 [5]
 [5]
 [5]
 [4]
 [5]
 [4]
 [2]
 [3]
 [4]
 [4]
 [4]
 [4]][[4.6417003]
 [4.397134 ]
 [4.870838 ]
 [1.9435267]
 [4.490532 ]
 [2.0502303]
 [2.2628546]
 [3.7171216]
 [1.9717965]
 [1.9749575]
 [2.0599551]
 [4.876513 ]
 [4.8601227]
 [4.8687778]
 [4.8709297]
 [4.870834 ]
 [4.8688855]
 [4.866228 ]
 [4.86602  ]
 [4.865465 ]
 [4.8639174]
 [4.6391506]
 [4.8724804]
 [4.879651 ]
 [2.0787966]
 [4.5812435]
 [2.010401 ]
 [1.9384207]
 [1.9769366]
 [4.4569473]
 [2.4054222]
 [3.0463388]
 [1.9729049]
 [2.0195901]
 [1.9673861]
 [1.987397 ]
 [2.6173081]
 [1.9718443]
 [4.2853546]
 [1.9803517]
 [4.8681054]
 [2.928146 ]
 [1.9681543]
 [4.5361547]
 [1.9767073]
 [2.0248115]
 [1.974912 ]
 [1.9765149]
 [2.4925165]
 [1.9611285]
 [4.844249 ]
 [1.9753507]
 [2.172943 ]]
[[3]
 [3]
 [3]
 [2]
 [3]
 [3]
 [2]
 [2]
 [2]
 [2]
 [5]
 [5]
 [5]
 [5]
 [5]
 [5]
 [5]
 [5]
 [5]
 [5]
 [5]
 [5]
 [5]
 [5]
 [2]
 [2]
 [2]
 [2]
 [2]
 [2]
 [2]
 [2]
 [2]
 [2]
 [2]
 [2]
 [2]
 [2]
 [2]
 [2]
 [5]
 [2]
 [2]
 [2]
 [2]
 [2]
 [2]
 [2]
 [2]
 [2]
 [2]
 [2]
 [2]][[5.0764008]
 [5.0640516]
 [2.2589552]
 [5.0343676]
 [3.7832105]
 [4.9930153]
 [2.0653667]
 [2.1311266]
 [5.0074096]
 [2.1198213]
 [2.1396887]
 [2.1505995]
 [4.890834 ]
 [5.0072503]
 [5.0932856]
 [4.816374 ]
 [2.1703963]
 [5.096386 ]
 [5.069319 ]
 [5.0802155]
 [5.066474 ]
 [5.0382648]
 [5.0523696]
 [5.058045 ]
 [5.0642214]
 [4.813677 ]
 [2.1131444]
 [2.1067445]
 [4.753166 ]
 [2.1206837]
 [2.1219475]
 [2.1794236]
 [2.1074317]
 [2.09515  ]
 [2.1205037]
 [2.1174352]
 [2.1292417]
 [2.1554682]
 [4.9723206]
 [2.117283 ]
 [2.218921 ]
 [2.1325638]
 [2.1332145]
 [2.0958834]
 [2.1581903]
 [2.1324837]
 [2.4790857]
 [2.118767 ]
 [2.113887 ]
 [2.118015 ]
 [2.108471 ]
 [5.0780196]]
[[3]
 [3]
 [3]
 [3]
 [2]
 [2]
 [2]
 [2]
 [2]
 [2]
 [2]
 [2]
 [5]
 [5]
 [5]
 [5]
 [2]
 [5]
 [5]
 [5]
 [5]
 [5]
 [5]
 [5]
 [5]
 [5]
 [2]
 [2]
 [2]
 [2]
 [2]
 [2]
 [2]
 [2]
 [2]
 [2]
 [2]
 [2]
 [2]
 [2]
 [2]
 [2]
 [2]
 [2]
 [2]
 [2]
 [2]
 [2]
 [2]
 [2]
 [2]
 [5]]