===========1========= fold 1[[5. 5.]
 [5. 5.]
 [5. 5.]
 [5. 5.]
 [5. 5.]
 [5. 5.]
 [5. 5.]
 [5. 5.]
 [5. 5.]
 [5. 5.]
 [5. 5.]
 [5. 5.]
 [4. 5.]
 [5. 5.]
 [5. 5.]
 [5. 5.]
 [4. 5.]
 [5. 5.]
 [5. 5.]
 [5. 5.]
 [5. 5.]
 [5. 5.]
 [5. 5.]
 [5. 5.]
 [5. 5.]
 [5. 5.]
 [3. 4.]
 [3. 4.]
 [5. 5.]
 [5. 5.]
 [5. 5.]
 [5. 5.]
 [5. 5.]
 [5. 5.]]
===========1========= fold 2[[5. 5.]
 [5. 5.]
 [5. 5.]
 [5. 5.]
 [3. 4.]
 [5. 5.]
 [5. 5.]
 [2. 3.]
 [5. 5.]
 [5. 5.]
 [5. 5.]
 [5. 5.]
 [5. 5.]
 [5. 5.]
 [5. 5.]
 [3. 3.]
 [5. 5.]
 [5. 5.]
 [5. 5.]
 [5. 5.]
 [5. 5.]
 [5. 5.]
 [5. 5.]
 [5. 5.]
 [5. 5.]
 [5. 5.]
 [5. 5.]
 [5. 5.]
 [5. 5.]
 [5. 5.]
 [5. 5.]
 [5. 5.]
 [5. 5.]
 [5. 5.]]
===========1========= fold 3[[3. 3.]
 [5. 5.]
 [5. 5.]
 [5. 5.]
 [5. 5.]
 [5. 5.]
 [5. 5.]
 [5. 5.]
 [5. 5.]
 [5. 5.]
 [5. 5.]
 [5. 5.]
 [5. 5.]
 [5. 5.]
 [5. 5.]
 [5. 5.]
 [5. 4.]
 [5. 5.]
 [5. 5.]
 [5. 5.]
 [5. 5.]
 [5. 5.]
 [5. 5.]
 [4. 4.]
 [5. 5.]
 [5. 5.]
 [5. 5.]
 [5. 5.]
 [5. 5.]
 [5. 5.]
 [5. 5.]
 [5. 5.]
 [3. 3.]
 [5. 5.]]
===========1========= fold 4[[5. 5.]
 [5. 5.]
 [5. 5.]
 [5. 5.]
 [5. 5.]
 [5. 5.]
 [3. 3.]
 [5. 5.]
 [3. 3.]
 [5. 5.]
 [5. 5.]
 [5. 5.]
 [5. 5.]
 [4. 4.]
 [5. 5.]
 [5. 5.]
 [5. 5.]
 [5. 5.]
 [5. 5.]
 [5. 5.]
 [5. 5.]
 [5. 5.]
 [5. 5.]
 [5. 5.]
 [5. 5.]
 [5. 5.]
 [5. 5.]
 [5. 5.]
 [5. 5.]
 [5. 5.]
 [5. 5.]
 [4. 3.]
 [5. 5.]]
=======================================================
[0.6458333333333333, 0.9164619164619164, 0.9419795221843004, 0.9511111111111111]===========2========= fold 1[[2. 2.]
 [2. 2.]
 [2. 2.]
 [2. 2.]
 [5. 4.]
 [5. 4.]
 [3. 2.]
 [3. 3.]
 [5. 4.]
 [2. 2.]
 [2. 2.]
 [2. 2.]
 [2. 2.]
 [2. 2.]
 [2. 2.]
 [5. 4.]
 [5. 4.]
 [2. 2.]
 [5. 5.]
 [5. 5.]
 [5. 5.]
 [5. 5.]
 [5. 4.]
 [5. 4.]
 [5. 4.]
 [5. 5.]
 [5. 4.]
 [2. 3.]
 [2. 2.]
 [5. 5.]
 [5. 5.]
 [2. 2.]
 [5. 4.]
 [5. 4.]]
===========2========= fold 2[[2. 2.]
 [2. 2.]
 [5. 5.]
 [5. 5.]
 [2. 2.]
 [3. 3.]
 [5. 5.]
 [5. 5.]
 [5. 5.]
 [2. 2.]
 [2. 2.]
 [5. 5.]
 [2. 2.]
 [5. 5.]
 [2. 2.]
 [5. 5.]
 [2. 2.]
 [5. 5.]
 [2. 2.]
 [2. 2.]
 [2. 2.]
 [2. 2.]
 [5. 5.]
 [5. 5.]
 [5. 5.]
 [2. 2.]
 [5. 5.]
 [5. 5.]
 [2. 2.]
 [5. 5.]
 [2. 2.]
 [5. 5.]
 [5. 5.]
 [5. 5.]]
===========2========= fold 3[[5. 5.]
 [2. 2.]
 [2. 2.]
 [5. 5.]
 [5. 5.]
 [5. 5.]
 [5. 5.]
 [2. 2.]
 [2. 2.]
 [5. 5.]
 [5. 5.]
 [2. 2.]
 [5. 5.]
 [2. 2.]
 [5. 5.]
 [5. 5.]
 [5. 5.]
 [5. 5.]
 [5. 5.]
 [2. 2.]
 [5. 5.]
 [5. 5.]
 [5. 5.]
 [2. 2.]
 [5. 5.]
 [2. 2.]
 [5. 5.]
 [4. 5.]
 [5. 5.]
 [5. 5.]
 [5. 5.]
 [2. 2.]
 [5. 5.]
 [5. 5.]]
===========2========= fold 4[[3. 3.]
 [3. 3.]
 [2. 2.]
 [2. 2.]
 [5. 5.]
 [5. 5.]
 [5. 5.]
 [5. 5.]
 [2. 2.]
 [2. 2.]
 [5. 5.]
 [5. 5.]
 [2. 2.]
 [5. 5.]
 [2. 2.]
 [5. 5.]
 [3. 3.]
 [5. 5.]
 [5. 5.]
 [5. 5.]
 [5. 5.]
 [2. 2.]
 [3. 3.]
 [2. 2.]
 [2. 2.]
 [5. 5.]
 [5. 5.]
 [5. 5.]
 [5. 5.]
 [5. 5.]
 [2. 2.]
 [5. 5.]
 [5. 5.]]
=======================================================
[0.8958038661008958, 1.0, 0.9822361546499477, 1.0]===========3========= fold 1[[5. 5.]
 [5. 5.]
 [5. 5.]
 [5. 5.]
 [5. 5.]
 [5. 5.]
 [5. 5.]
 [5. 5.]
 [5. 5.]
 [3. 5.]
 [2. 5.]
 [5. 5.]
 [5. 5.]
 [5. 5.]
 [5. 5.]
 [5. 5.]
 [5. 5.]
 [5. 5.]
 [5. 5.]
 [5. 5.]
 [5. 5.]
 [5. 5.]
 [5. 5.]
 [5. 5.]
 [5. 5.]
 [5. 5.]
 [5. 5.]
 [5. 5.]
 [5. 5.]
 [5. 5.]
 [5. 5.]
 [5. 4.]
 [5. 5.]
 [5. 5.]]
===========3========= fold 2[[5. 5.]
 [4. 4.]
 [5. 5.]
 [5. 5.]
 [5. 5.]
 [5. 5.]
 [5. 5.]
 [2. 5.]
 [5. 5.]
 [2. 5.]
 [5. 5.]
 [5. 5.]
 [5. 5.]
 [5. 5.]
 [5. 5.]
 [5. 5.]
 [5. 5.]
 [5. 5.]
 [5. 5.]
 [5. 5.]
 [5. 5.]
 [5. 5.]
 [5. 5.]
 [5. 5.]
 [5. 5.]
 [5. 5.]
 [5. 5.]
 [5. 5.]
 [5. 5.]
 [5. 5.]
 [5. 5.]
 [5. 5.]
 [5. 5.]
 [2. 5.]]
===========3========= fold 3[[5. 5.]
 [5. 5.]
 [5. 5.]
 [5. 5.]
 [3. 5.]
 [5. 5.]
 [5. 5.]
 [5. 5.]
 [5. 5.]
 [5. 5.]
 [5. 5.]
 [3. 5.]
 [5. 5.]
 [5. 4.]
 [5. 5.]
 [2. 4.]
 [5. 5.]
 [5. 5.]
 [5. 5.]
 [5. 5.]
 [5. 5.]
 [5. 5.]
 [5. 5.]
 [5. 5.]
 [5. 5.]
 [5. 5.]
 [5. 5.]
 [5. 5.]
 [5. 5.]
 [5. 5.]
 [5. 5.]
 [5. 5.]
 [5. 5.]
 [5. 5.]]
===========3========= fold 4[[5. 5.]
 [5. 5.]
 [5. 5.]
 [5. 4.]
 [5. 5.]
 [5. 5.]
 [2. 2.]
 [5. 5.]
 [5. 5.]
 [5. 5.]
 [5. 5.]
 [5. 5.]
 [5. 5.]
 [5. 5.]
 [5. 5.]
 [5. 5.]
 [5. 5.]
 [5. 5.]
 [5. 5.]
 [5. 5.]
 [5. 5.]
 [5. 5.]
 [5. 5.]
 [5. 5.]
 [5. 5.]
 [5. 5.]
 [2. 5.]
 [5. 5.]
 [5. 5.]
 [5. 5.]
 [5. 5.]
 [5. 5.]
 [5. 5.]]
=======================================================
[-0.02145922746781115, 0.11688311688311681, 0.28478964401294493, 0.5925925925925926]===========4========= fold 1[[5. 4.]
 [5. 5.]
 [5. 4.]
 [4. 5.]
 [5. 5.]
 [5. 5.]
 [5. 5.]
 [5. 5.]
 [5. 5.]
 [5. 5.]
 [5. 4.]
 [5. 5.]
 [5. 5.]
 [5. 5.]
 [5. 5.]
 [5. 4.]
 [5. 5.]
 [5. 5.]
 [5. 5.]
 [5. 5.]
 [5. 5.]
 [5. 5.]
 [5. 5.]
 [5. 5.]
 [5. 5.]
 [5. 5.]
 [5. 5.]
 [5. 5.]
 [5. 5.]
 [5. 5.]
 [5. 4.]
 [5. 5.]
 [5. 5.]
 [5. 5.]]
===========4========= fold 2[[5. 5.]
 [5. 5.]
 [5. 5.]
 [4. 5.]
 [5. 5.]
 [5. 5.]
 [5. 5.]
 [5. 5.]
 [5. 5.]
 [4. 5.]
 [5. 5.]
 [5. 5.]
 [5. 5.]
 [4. 5.]
 [5. 5.]
 [5. 5.]
 [5. 5.]
 [5. 5.]
 [5. 5.]
 [5. 5.]
 [4. 5.]
 [5. 5.]
 [5. 5.]
 [5. 5.]
 [5. 5.]
 [5. 5.]
 [5. 5.]
 [5. 5.]
 [4. 5.]
 [5. 5.]
 [3. 5.]
 [5. 5.]
 [5. 5.]
 [5. 5.]]
===========4========= fold 3[[5. 5.]
 [5. 5.]
 [5. 5.]
 [4. 5.]
 [4. 5.]
 [5. 5.]
 [5. 5.]
 [5. 5.]
 [5. 5.]
 [5. 5.]
 [5. 4.]
 [5. 5.]
 [5. 5.]
 [5. 5.]
 [5. 5.]
 [5. 5.]
 [5. 5.]
 [5. 5.]
 [5. 5.]
 [5. 5.]
 [5. 5.]
 [5. 5.]
 [5. 5.]
 [5. 5.]
 [5. 5.]
 [5. 5.]
 [5. 5.]
 [5. 5.]
 [5. 5.]
 [5. 5.]
 [4. 5.]
 [5. 5.]
 [5. 5.]
 [5. 5.]]
===========4========= fold 4[[5. 4.]
 [5. 5.]
 [5. 5.]
 [5. 5.]
 [5. 5.]
 [5. 5.]
 [5. 5.]
 [5. 5.]
 [3. 5.]
 [5. 5.]
 [5. 5.]
 [4. 5.]
 [5. 5.]
 [5. 5.]
 [2. 5.]
 [5. 5.]
 [5. 5.]
 [4. 5.]
 [4. 4.]
 [5. 5.]
 [5. 5.]
 [5. 5.]
 [5. 5.]
 [5. 5.]
 [5. 5.]
 [5. 5.]
 [5. 5.]
 [5. 5.]
 [5. 5.]
 [5. 5.]
 [5. 5.]
 [5. 5.]
 [4. 5.]]
=======================================================
[-0.05154639175257736, 0.0, -0.04615384615384621, 0.050761421319796995]
===========5========= fold 1[[5. 5.]
 [5. 5.]
 [5. 2.]
 [2. 2.]
 [5. 5.]
 [5. 5.]
 [2. 2.]
 [2. 2.]
 [2. 2.]
 [2. 2.]
 [5. 5.]
 [2. 2.]
 [2. 2.]
 [2. 2.]
 [5. 5.]
 [2. 2.]
 [5. 4.]
 [5. 3.]
 [5. 5.]
 [2. 3.]
 [2. 2.]
 [5. 5.]
 [5. 4.]
 [5. 4.]
 [5. 5.]
 [2. 2.]
 [5. 4.]
 [2. 2.]
 [5. 3.]
 [2. 2.]
 [3. 2.]
 [3. 2.]
 [5. 5.]
 [2. 2.]]
===========5========= fold 2[[5. 4.]
 [4. 3.]
 [2. 2.]
 [2. 2.]
 [2. 2.]
 [2. 2.]
 [2. 3.]
 [2. 2.]
 [2. 3.]
 [2. 2.]
 [5. 4.]
 [2. 2.]
 [2. 2.]
 [5. 4.]
 [2. 2.]
 [2. 2.]
 [2. 2.]
 [2. 2.]
 [2. 2.]
 [2. 2.]
 [2. 2.]
 [3. 4.]
 [2. 2.]
 [2. 2.]
 [2. 2.]
 [2. 2.]
 [2. 2.]
 [2. 2.]
 [2. 2.]
 [2. 2.]
 [5. 4.]
 [3. 3.]
 [2. 2.]
 [5. 4.]]
===========5========= fold 3[[2. 2.]
 [2. 2.]
 [5. 5.]
 [2. 2.]
 [2. 2.]
 [5. 5.]
 [5. 5.]
 [3. 4.]
 [2. 2.]
 [5. 4.]
 [2. 3.]
 [5. 5.]
 [2. 2.]
 [3. 4.]
 [2. 2.]
 [5. 5.]
 [2. 5.]
 [2. 2.]
 [4. 4.]
 [2. 2.]
 [2. 2.]
 [2. 2.]
 [2. 2.]
 [2. 4.]
 [2. 2.]
 [2. 2.]
 [2. 2.]
 [2. 4.]
 [2. 2.]
 [2. 3.]
 [5. 5.]
 [2. 2.]
 [5. 5.]
 [2. 3.]]
===========5========= fold 4[[2. 2.]
 [2. 2.]
 [2. 2.]
 [3. 4.]
 [2. 4.]
 [3. 3.]
 [2. 2.]
 [5. 5.]
 [5. 5.]
 [5. 5.]
 [2. 2.]
 [5. 5.]
 [5. 5.]
 [2. 2.]
 [2. 3.]
 [5. 5.]
 [5. 5.]
 [2. 2.]
 [2. 2.]
 [2. 2.]
 [5. 5.]
 [5. 5.]
 [2. 2.]
 [2. 2.]
 [2. 3.]
 [5. 5.]
 [2. 2.]
 [5. 5.]
 [5. 5.]
 [3. 2.]
 [5. 5.]
 [2. 2.]
 [5. 5.]]
=======================================================
[0.8237580993520519, 0.8527430221366699, 0.7960354720918101, 0.9395604395604396]