===========1========= fold 1[[5. 5.]
 [5. 5.]
 [5. 5.]
 [5. 5.]
 [5. 5.]
 [5. 5.]
 [5. 5.]
 [5. 5.]
 [5. 5.]
 [5. 5.]
 [5. 5.]
 [5. 5.]
 [4. 5.]
 [5. 5.]
 [5. 5.]
 [5. 5.]
 [4. 5.]
 [5. 5.]
 [5. 5.]
 [5. 5.]
 [5. 5.]
 [5. 5.]
 [5. 5.]
 [5. 5.]
 [5. 5.]
 [5. 5.]
 [3. 3.]
 [3. 5.]
 [5. 5.]
 [5. 5.]
 [5. 5.]
 [5. 5.]
 [5. 5.]
 [5. 5.]]
===========1========= fold 2[[5. 5.]
 [5. 5.]
 [5. 5.]
 [5. 5.]
 [3. 3.]
 [5. 5.]
 [5. 5.]
 [2. 3.]
 [5. 5.]
 [5. 5.]
 [5. 5.]
 [5. 5.]
 [5. 5.]
 [5. 5.]
 [5. 5.]
 [3. 3.]
 [5. 5.]
 [5. 5.]
 [5. 5.]
 [5. 5.]
 [5. 5.]
 [5. 5.]
 [5. 5.]
 [5. 5.]
 [5. 5.]
 [5. 5.]
 [5. 5.]
 [5. 5.]
 [5. 5.]
 [5. 5.]
 [5. 5.]
 [5. 5.]
 [5. 5.]
 [5. 5.]]
===========1========= fold 3[[3. 3.]
 [5. 5.]
 [5. 5.]
 [5. 5.]
 [5. 5.]
 [5. 5.]
 [5. 5.]
 [5. 5.]
 [5. 5.]
 [5. 5.]
 [5. 5.]
 [5. 5.]
 [5. 5.]
 [5. 5.]
 [5. 5.]
 [5. 5.]
 [5. 5.]
 [5. 5.]
 [5. 5.]
 [5. 5.]
 [5. 5.]
 [5. 5.]
 [5. 5.]
 [4. 4.]
 [5. 5.]
 [5. 5.]
 [5. 5.]
 [5. 5.]
 [5. 5.]
 [5. 5.]
 [5. 5.]
 [5. 5.]
 [3. 3.]
 [5. 5.]]
===========1========= fold 4[[5. 5.]
 [5. 5.]
 [5. 5.]
 [5. 5.]
 [5. 5.]
 [5. 5.]
 [3. 3.]
 [5. 5.]
 [3. 3.]
 [5. 5.]
 [5. 5.]
 [5. 5.]
 [5. 5.]
 [4. 4.]
 [5. 5.]
 [5. 5.]
 [5. 5.]
 [5. 5.]
 [5. 5.]
 [5. 5.]
 [5. 5.]
 [5. 5.]
 [5. 5.]
 [5. 5.]
 [5. 5.]
 [5. 5.]
 [5. 5.]
 [5. 5.]
 [5. 5.]
 [5. 5.]
 [5. 5.]
 [4. 4.]
 [5. 5.]]
=======================================================
[0.5486725663716814, 0.8794326241134752, 1.0, 1.0]===========2========= fold 1[[2. 2.]
 [2. 2.]
 [2. 2.]
 [2. 2.]
 [5. 5.]
 [5. 5.]
 [3. 2.]
 [3. 3.]
 [5. 5.]
 [2. 2.]
 [2. 2.]
 [2. 2.]
 [2. 2.]
 [2. 2.]
 [2. 2.]
 [5. 5.]
 [5. 5.]
 [2. 2.]
 [5. 5.]
 [5. 5.]
 [5. 5.]
 [5. 5.]
 [5. 5.]
 [5. 5.]
 [5. 5.]
 [5. 5.]
 [5. 5.]
 [2. 2.]
 [2. 2.]
 [5. 5.]
 [5. 5.]
 [2. 2.]
 [5. 5.]
 [5. 5.]]
===========2========= fold 2[[2. 2.]
 [2. 2.]
 [5. 5.]
 [5. 5.]
 [2. 2.]
 [3. 3.]
 [5. 5.]
 [5. 5.]
 [5. 5.]
 [2. 2.]
 [2. 2.]
 [5. 5.]
 [2. 2.]
 [5. 5.]
 [2. 2.]
 [5. 5.]
 [2. 2.]
 [5. 5.]
 [2. 2.]
 [2. 2.]
 [2. 2.]
 [2. 2.]
 [5. 5.]
 [5. 5.]
 [5. 5.]
 [2. 2.]
 [5. 5.]
 [5. 5.]
 [2. 2.]
 [5. 5.]
 [2. 2.]
 [5. 5.]
 [5. 5.]
 [5. 5.]]
===========2========= fold 3[[5. 5.]
 [2. 2.]
 [2. 2.]
 [5. 5.]
 [5. 5.]
 [5. 5.]
 [5. 5.]
 [2. 2.]
 [2. 2.]
 [5. 5.]
 [5. 5.]
 [2. 2.]
 [5. 5.]
 [2. 2.]
 [5. 5.]
 [5. 5.]
 [5. 5.]
 [5. 5.]
 [5. 5.]
 [2. 2.]
 [5. 5.]
 [5. 5.]
 [5. 5.]
 [2. 2.]
 [5. 5.]
 [2. 2.]
 [5. 5.]
 [4. 4.]
 [5. 5.]
 [5. 5.]
 [5. 5.]
 [2. 2.]
 [5. 5.]
 [5. 5.]]
===========2========= fold 4[[3. 3.]
 [3. 2.]
 [2. 2.]
 [2. 2.]
 [5. 5.]
 [5. 5.]
 [5. 5.]
 [5. 5.]
 [2. 2.]
 [2. 2.]
 [5. 5.]
 [5. 5.]
 [2. 2.]
 [5. 5.]
 [2. 2.]
 [5. 4.]
 [3. 3.]
 [5. 5.]
 [5. 5.]
 [5. 5.]
 [5. 5.]
 [2. 2.]
 [3. 3.]
 [2. 2.]
 [2. 2.]
 [5. 5.]
 [5. 5.]
 [5. 5.]
 [5. 5.]
 [5. 5.]
 [2. 2.]
 [5. 5.]
 [5. 5.]]
=======================================================
[0.9844464775846294, 1.0, 1.0, 0.9841116995666828]===========3========= fold 1[[5. 5.]
 [5. 5.]
 [5. 5.]
 [5. 5.]
 [5. 5.]
 [5. 5.]
 [5. 5.]
 [5. 5.]
 [5. 5.]
 [3. 5.]
 [2. 5.]
 [5. 5.]
 [5. 5.]
 [5. 5.]
 [5. 5.]
 [5. 5.]
 [5. 5.]
 [5. 5.]
 [5. 5.]
 [5. 5.]
 [5. 5.]
 [5. 5.]
 [5. 5.]
 [5. 5.]
 [5. 5.]
 [5. 5.]
 [5. 5.]
 [5. 5.]
 [5. 5.]
 [5. 5.]
 [5. 5.]
 [5. 4.]
 [5. 5.]
 [5. 5.]]
===========3========= fold 2[[5. 5.]
 [4. 4.]
 [5. 5.]
 [5. 5.]
 [5. 5.]
 [5. 5.]
 [5. 5.]
 [2. 5.]
 [5. 5.]
 [2. 5.]
 [5. 5.]
 [5. 5.]
 [5. 5.]
 [5. 5.]
 [5. 5.]
 [5. 5.]
 [5. 5.]
 [5. 5.]
 [5. 5.]
 [5. 5.]
 [5. 5.]
 [5. 5.]
 [5. 5.]
 [5. 5.]
 [5. 5.]
 [5. 5.]
 [5. 5.]
 [5. 5.]
 [5. 5.]
 [5. 5.]
 [5. 5.]
 [5. 5.]
 [5. 5.]
 [2. 5.]]
===========3========= fold 3[[5. 5.]
 [5. 4.]
 [5. 4.]
 [5. 4.]
 [3. 4.]
 [5. 5.]
 [5. 4.]
 [5. 4.]
 [5. 4.]
 [5. 4.]
 [5. 5.]
 [3. 4.]
 [5. 4.]
 [5. 4.]
 [5. 4.]
 [2. 4.]
 [5. 5.]
 [5. 4.]
 [5. 4.]
 [5. 4.]
 [5. 5.]
 [5. 5.]
 [5. 5.]
 [5. 5.]
 [5. 4.]
 [5. 4.]
 [5. 4.]
 [5. 4.]
 [5. 4.]
 [5. 4.]
 [5. 5.]
 [5. 5.]
 [5. 5.]
 [5. 5.]]
===========3========= fold 4[[5. 5.]
 [5. 5.]
 [5. 5.]
 [5. 4.]
 [5. 5.]
 [5. 5.]
 [2. 2.]
 [5. 5.]
 [5. 5.]
 [5. 5.]
 [5. 5.]
 [5. 5.]
 [5. 5.]
 [5. 5.]
 [5. 5.]
 [5. 5.]
 [5. 5.]
 [5. 5.]
 [5. 5.]
 [5. 5.]
 [5. 5.]
 [5. 5.]
 [5. 5.]
 [5. 5.]
 [5. 5.]
 [5. 5.]
 [2. 5.]
 [5. 5.]
 [5. 5.]
 [5. 5.]
 [5. 5.]
 [5. 5.]
 [5. 5.]]
=======================================================
[-0.02145922746781115, 0.11688311688311681, 0.16502946954813358, 0.5925925925925926]===========4========= fold 1[[5. 5.]
 [5. 5.]
 [5. 5.]
 [4. 4.]
 [5. 5.]
 [5. 5.]
 [5. 5.]
 [5. 5.]
 [5. 5.]
 [5. 5.]
 [5. 4.]
 [5. 5.]
 [5. 5.]
 [5. 4.]
 [5. 5.]
 [5. 5.]
 [5. 5.]
 [5. 5.]
 [5. 5.]
 [5. 5.]
 [5. 4.]
 [5. 5.]
 [5. 4.]
 [5. 4.]
 [5. 5.]
 [5. 5.]
 [5. 5.]
 [5. 5.]
 [5. 5.]
 [5. 5.]
 [5. 5.]
 [5. 5.]
 [5. 4.]
 [5. 5.]]
===========4========= fold 2[[5. 5.]
 [5. 5.]
 [5. 5.]
 [4. 5.]
 [5. 5.]
 [5. 5.]
 [5. 5.]
 [5. 5.]
 [5. 5.]
 [4. 5.]
 [5. 5.]
 [5. 5.]
 [5. 5.]
 [4. 5.]
 [5. 5.]
 [5. 5.]
 [5. 5.]
 [5. 5.]
 [5. 5.]
 [5. 5.]
 [4. 5.]
 [5. 5.]
 [5. 5.]
 [5. 5.]
 [5. 5.]
 [5. 5.]
 [5. 5.]
 [5. 5.]
 [4. 5.]
 [5. 5.]
 [3. 5.]
 [5. 5.]
 [5. 5.]
 [5. 5.]]
===========4========= fold 3[[5. 5.]
 [5. 5.]
 [5. 5.]
 [4. 4.]
 [4. 5.]
 [5. 5.]
 [5. 5.]
 [5. 5.]
 [5. 5.]
 [5. 5.]
 [5. 4.]
 [5. 5.]
 [5. 5.]
 [5. 5.]
 [5. 5.]
 [5. 5.]
 [5. 5.]
 [5. 5.]
 [5. 4.]
 [5. 5.]
 [5. 5.]
 [5. 5.]
 [5. 5.]
 [5. 5.]
 [5. 4.]
 [5. 5.]
 [5. 5.]
 [5. 5.]
 [5. 5.]
 [5. 5.]
 [4. 5.]
 [5. 5.]
 [5. 5.]
 [5. 5.]]
===========4========= fold 4[[5. 4.]
 [5. 5.]
 [5. 5.]
 [5. 5.]
 [5. 5.]
 [5. 5.]
 [5. 5.]
 [5. 5.]
 [3. 4.]
 [5. 5.]
 [5. 5.]
 [4. 4.]
 [5. 5.]
 [5. 5.]
 [2. 4.]
 [5. 5.]
 [5. 5.]
 [4. 4.]
 [4. 4.]
 [5. 5.]
 [5. 5.]
 [5. 5.]
 [5. 5.]
 [5. 5.]
 [5. 4.]
 [5. 5.]
 [5. 5.]
 [5. 5.]
 [5. 5.]
 [5. 5.]
 [5. 5.]
 [5. 5.]
 [4. 4.]]
=======================================================
[0.20930232558139528, 0.0, 0.20560747663551404, 0.6607929515418502]
===========5========= fold 1[[5. 5.]
 [5. 5.]
 [5. 2.]
 [2. 2.]
 [5. 5.]
 [5. 5.]
 [2. 2.]
 [2. 2.]
 [2. 2.]
 [2. 2.]
 [5. 5.]
 [2. 3.]
 [2. 2.]
 [2. 2.]
 [5. 5.]
 [2. 2.]
 [5. 5.]
 [5. 4.]
 [5. 5.]
 [2. 5.]
 [2. 2.]
 [5. 5.]
 [5. 5.]
 [5. 5.]
 [5. 5.]
 [2. 2.]
 [5. 6.]
 [2. 2.]
 [5. 4.]
 [2. 2.]
 [3. 2.]
 [3. 2.]
 [5. 5.]
 [2. 2.]]
===========5========= fold 2[[5. 5.]
 [4. 4.]
 [2. 2.]
 [2. 2.]
 [2. 2.]
 [2. 2.]
 [2. 3.]
 [2. 2.]
 [2. 3.]
 [2. 3.]
 [5. 5.]
 [2. 2.]
 [2. 2.]
 [5. 5.]
 [2. 2.]
 [2. 2.]
 [2. 3.]
 [2. 2.]
 [2. 3.]
 [2. 2.]
 [2. 3.]
 [3. 5.]
 [2. 2.]
 [2. 2.]
 [2. 2.]
 [2. 2.]
 [2. 2.]
 [2. 2.]
 [2. 3.]
 [2. 2.]
 [5. 5.]
 [3. 4.]
 [2. 3.]
 [5. 5.]]
===========5========= fold 3[[2. 2.]
 [2. 4.]
 [5. 5.]
 [2. 2.]
 [2. 2.]
 [5. 5.]
 [5. 5.]
 [3. 4.]
 [2. 2.]
 [5. 5.]
 [2. 4.]
 [5. 5.]
 [2. 2.]
 [3. 5.]
 [2. 2.]
 [5. 5.]
 [2. 5.]
 [2. 3.]
 [4. 4.]
 [2. 5.]
 [2. 2.]
 [2. 2.]
 [2. 2.]
 [2. 4.]
 [2. 2.]
 [2. 3.]
 [2. 2.]
 [2. 4.]
 [2. 2.]
 [2. 3.]
 [5. 5.]
 [2. 2.]
 [5. 5.]
 [2. 5.]]
===========5========= fold 4[[2. 2.]
 [2. 2.]
 [2. 2.]
 [3. 3.]
 [2. 4.]
 [3. 2.]
 [2. 2.]
 [5. 5.]
 [5. 5.]
 [5. 5.]
 [2. 2.]
 [5. 4.]
 [5. 4.]
 [2. 2.]
 [2. 4.]
 [5. 5.]
 [5. 5.]
 [2. 2.]
 [2. 2.]
 [2. 2.]
 [5. 5.]
 [5. 5.]
 [2. 2.]
 [2. 2.]
 [2. 2.]
 [5. 4.]
 [2. 2.]
 [5. 5.]
 [5. 5.]
 [3. 3.]
 [5. 5.]
 [2. 2.]
 [5. 5.]]
=======================================================
[0.8367346938775511, 0.8513786146603901, 0.6046511627906976, 0.9057142857142857]