===========1========= fold 1[[5. 5.]
 [5. 5.]
 [5. 5.]
 [5. 5.]
 [5. 5.]
 [5. 5.]
 [5. 5.]
 [5. 5.]
 [5. 5.]
 [5. 5.]
 [5. 5.]
 [5. 5.]
 [5. 5.]
 [5. 5.]
 [5. 5.]
 [5. 5.]
 [5. 5.]
 [5. 5.]
 [5. 5.]
 [5. 5.]
 [5. 5.]
 [5. 5.]
 [5. 5.]
 [5. 5.]
 [5. 5.]
 [5. 5.]
 [5. 5.]
 [5. 5.]
 [5. 5.]
 [5. 5.]
 [5. 5.]
 [5. 5.]
 [4. 5.]
 [5. 5.]]
===========1========= fold 2[[3. 3.]
 [5. 4.]
 [5. 3.]
 [5. 4.]
 [5. 5.]
 [5. 5.]
 [3. 4.]
 [5. 5.]
 [5. 5.]
 [3. 3.]
 [5. 4.]
 [5. 5.]
 [5. 5.]
 [5. 5.]
 [5. 4.]
 [5. 5.]
 [5. 5.]
 [5. 5.]
 [5. 5.]
 [5. 5.]
 [5. 5.]
 [5. 5.]
 [3. 4.]
 [5. 5.]
 [5. 5.]
 [5. 5.]
 [5. 5.]
 [5. 5.]
 [5. 5.]
 [5. 5.]
 [5. 5.]
 [5. 4.]
 [3. 4.]
 [5. 5.]]
===========1========= fold 3[[5. 5.]
 [5. 5.]
 [5. 5.]
 [5. 5.]
 [5. 3.]
 [5. 5.]
 [5. 5.]
 [5. 5.]
 [5. 5.]
 [5. 5.]
 [4. 5.]
 [5. 5.]
 [2. 3.]
 [5. 5.]
 [5. 5.]
 [4. 5.]
 [5. 5.]
 [5. 5.]
 [5. 5.]
 [5. 5.]
 [5. 5.]
 [5. 5.]
 [5. 5.]
 [5. 5.]
 [4. 4.]
 [5. 5.]
 [5. 5.]
 [5. 5.]
 [5. 5.]
 [5. 5.]
 [5. 5.]
 [5. 5.]
 [5. 5.]
 [5. 4.]]
===========1========= fold 4[[5. 5.]
 [5. 5.]
 [5. 5.]
 [5. 5.]
 [5. 5.]
 [3. 5.]
 [5. 5.]
 [5. 5.]
 [5. 5.]
 [5. 5.]
 [5. 5.]
 [5. 5.]
 [5. 5.]
 [5. 5.]
 [4. 5.]
 [5. 5.]
 [5. 5.]
 [3. 4.]
 [5. 5.]
 [5. 5.]
 [5. 5.]
 [5. 5.]
 [5. 5.]
 [5. 5.]
 [5. 5.]
 [3. 5.]
 [5. 5.]
 [5. 5.]
 [5. 5.]
 [5. 5.]
 [5. 5.]
 [5. 5.]
 [5. 5.]]
=======================================================
[0.0, 0.6222222222222222, 0.5976331360946745, 0.2633928571428572]===========2========= fold 1[[2. 2.]
 [2. 2.]
 [2. 2.]
 [5. 5.]
 [5. 5.]
 [5. 5.]
 [2. 2.]
 [5. 5.]
 [2. 3.]
 [2. 2.]
 [5. 5.]
 [5. 5.]
 [2. 2.]
 [2. 2.]
 [5. 5.]
 [5. 5.]
 [2. 2.]
 [5. 5.]
 [2. 3.]
 [2. 2.]
 [5. 5.]
 [3. 3.]
 [2. 2.]
 [2. 2.]
 [2. 3.]
 [2. 3.]
 [5. 5.]
 [2. 3.]
 [2. 3.]
 [2. 2.]
 [5. 5.]
 [2. 2.]
 [5. 5.]
 [5. 5.]]
===========2========= fold 2[[2. 2.]
 [2. 2.]
 [2. 2.]
 [5. 5.]
 [2. 2.]
 [3. 5.]
 [5. 5.]
 [2. 2.]
 [3. 3.]
 [5. 5.]
 [5. 4.]
 [2. 2.]
 [2. 2.]
 [2. 4.]
 [5. 5.]
 [5. 5.]
 [5. 5.]
 [2. 2.]
 [2. 2.]
 [2. 2.]
 [5. 5.]
 [5. 5.]
 [5. 5.]
 [5. 5.]
 [5. 5.]
 [5. 5.]
 [5. 5.]
 [5. 5.]
 [5. 5.]
 [5. 5.]
 [5. 5.]
 [5. 5.]
 [5. 5.]
 [5. 5.]]
===========2========= fold 3[[3. 3.]
 [2. 2.]
 [5. 5.]
 [3. 2.]
 [5. 5.]
 [5. 5.]
 [5. 5.]
 [5. 5.]
 [3. 2.]
 [5. 5.]
 [5. 5.]
 [2. 2.]
 [5. 5.]
 [5. 5.]
 [5. 5.]
 [2. 2.]
 [5. 5.]
 [2. 2.]
 [2. 2.]
 [5. 5.]
 [5. 5.]
 [2. 2.]
 [5. 5.]
 [5. 5.]
 [2. 2.]
 [4. 5.]
 [5. 5.]
 [5. 5.]
 [5. 5.]
 [5. 5.]
 [5. 5.]
 [5. 5.]
 [5. 5.]
 [2. 2.]]
===========2========= fold 4[[2. 2.]
 [2. 2.]
 [5. 5.]
 [2. 2.]
 [5. 5.]
 [5. 5.]
 [5. 5.]
 [2. 2.]
 [2. 2.]
 [5. 5.]
 [2. 2.]
 [2. 2.]
 [3. 6.]
 [5. 5.]
 [5. 5.]
 [2. 2.]
 [5. 6.]
 [5. 6.]
 [5. 5.]
 [5. 5.]
 [5. 5.]
 [5. 5.]
 [5. 5.]
 [2. 2.]
 [5. 6.]
 [5. 5.]
 [2. 2.]
 [2. 2.]
 [5. 5.]
 [5. 5.]
 [5. 5.]
 [5. 5.]
 [5. 6.]]
=======================================================
[0.9004878048780488, 0.9302325581395349, 0.9751340809361287, 0.8862068965517241]===========3========= fold 1[[5. 4.]
 [5. 5.]
 [5. 4.]
 [5. 4.]
 [5. 5.]
 [2. 5.]
 [3. 4.]
 [5. 5.]
 [5. 4.]
 [5. 5.]
 [2. 4.]
 [5. 4.]
 [5. 5.]
 [5. 4.]
 [5. 4.]
 [5. 5.]
 [5. 5.]
 [5. 4.]
 [5. 5.]
 [5. 4.]
 [5. 5.]
 [5. 5.]
 [5. 4.]
 [5. 4.]
 [5. 4.]
 [5. 4.]
 [5. 4.]
 [5. 4.]
 [5. 4.]
 [5. 5.]
 [5. 5.]
 [5. 5.]
 [5. 5.]
 [5. 4.]]
===========3========= fold 2[[5. 5.]
 [5. 5.]
 [5. 5.]
 [5. 5.]
 [5. 5.]
 [5. 5.]
 [5. 5.]
 [5. 5.]
 [5. 5.]
 [5. 5.]
 [5. 5.]
 [5. 5.]
 [5. 5.]
 [5. 5.]
 [5. 5.]
 [5. 5.]
 [5. 5.]
 [5. 5.]
 [5. 5.]
 [5. 5.]
 [5. 5.]
 [5. 5.]
 [5. 5.]
 [5. 5.]
 [5. 5.]
 [5. 5.]
 [5. 5.]
 [5. 5.]
 [5. 5.]
 [5. 5.]
 [2. 5.]
 [5. 5.]
 [5. 4.]
 [2. 5.]]
===========3========= fold 3[[5. 5.]
 [5. 5.]
 [5. 5.]
 [5. 5.]
 [5. 5.]
 [5. 5.]
 [2. 5.]
 [5. 5.]
 [5. 5.]
 [3. 5.]
 [2. 5.]
 [5. 5.]
 [5. 5.]
 [2. 5.]
 [5. 5.]
 [5. 5.]
 [5. 5.]
 [5. 5.]
 [5. 4.]
 [5. 5.]
 [5. 5.]
 [5. 5.]
 [5. 5.]
 [5. 5.]
 [5. 5.]
 [5. 5.]
 [5. 5.]
 [5. 5.]
 [5. 5.]
 [5. 5.]
 [5. 5.]
 [5. 5.]
 [5. 5.]
 [5. 5.]]
===========3========= fold 4[[5. 5.]
 [5. 5.]
 [5. 5.]
 [4. 4.]
 [3. 5.]
 [5. 5.]
 [5. 5.]
 [5. 5.]
 [5. 5.]
 [5. 5.]
 [5. 5.]
 [5. 5.]
 [5. 5.]
 [5. 5.]
 [5. 5.]
 [5. 5.]
 [5. 5.]
 [5. 5.]
 [5. 5.]
 [5. 5.]
 [5. 5.]
 [5. 5.]
 [5. 5.]
 [5. 5.]
 [5. 5.]
 [5. 5.]
 [5. 5.]
 [5. 5.]
 [5. 5.]
 [5. 5.]
 [5. 5.]
 [5. 5.]
 [5. 5.]]
=======================================================
[0.03302752293577993, -0.0268456375838928, -0.020637898686679312, 0.3125]===========4========= fold 1[[5. 5.]
 [5. 5.]
 [4. 5.]
 [5. 5.]
 [3. 5.]
 [5. 5.]
 [5. 5.]
 [5. 5.]
 [5. 5.]
 [5. 5.]
 [5. 5.]
 [5. 5.]
 [5. 5.]
 [5. 5.]
 [5. 5.]
 [5. 5.]
 [5. 5.]
 [5. 5.]
 [5. 5.]
 [5. 5.]
 [5. 5.]
 [5. 5.]
 [5. 5.]
 [5. 5.]
 [5. 4.]
 [5. 5.]
 [5. 5.]
 [5. 5.]
 [5. 5.]
 [5. 5.]
 [5. 5.]
 [5. 5.]
 [5. 5.]
 [5. 5.]]
===========4========= fold 2[[5. 5.]
 [5. 5.]
 [4. 4.]
 [5. 5.]
 [5. 5.]
 [5. 5.]
 [5. 5.]
 [5. 5.]
 [5. 5.]
 [4. 4.]
 [5. 4.]
 [5. 5.]
 [4. 4.]
 [5. 5.]
 [4. 5.]
 [5. 5.]
 [5. 4.]
 [5. 5.]
 [5. 5.]
 [5. 5.]
 [5. 5.]
 [5. 5.]
 [5. 5.]
 [5. 4.]
 [5. 5.]
 [5. 5.]
 [5. 5.]
 [4. 5.]
 [5. 5.]
 [5. 5.]
 [5. 4.]
 [5. 5.]
 [5. 5.]
 [4. 4.]]
===========4========= fold 3[[5. 5.]
 [5. 4.]
 [5. 5.]
 [5. 4.]
 [4. 5.]
 [5. 5.]
 [5. 5.]
 [5. 5.]
 [5. 5.]
 [5. 5.]
 [5. 5.]
 [5. 5.]
 [5. 5.]
 [5. 5.]
 [4. 4.]
 [5. 5.]
 [5. 4.]
 [5. 5.]
 [5. 5.]
 [5. 5.]
 [5. 5.]
 [5. 5.]
 [5. 5.]
 [5. 5.]
 [5. 5.]
 [5. 5.]
 [5. 4.]
 [5. 4.]
 [5. 5.]
 [5. 5.]
 [5. 5.]
 [5. 5.]
 [5. 5.]
 [5. 5.]]
===========4========= fold 4[[5. 4.]
 [5. 5.]
 [5. 5.]
 [5. 5.]
 [5. 5.]
 [4. 5.]
 [5. 5.]
 [5. 5.]
 [5. 5.]
 [5. 5.]
 [2. 4.]
 [5. 5.]
 [5. 5.]
 [5. 5.]
 [5. 5.]
 [4. 4.]
 [5. 5.]
 [5. 5.]
 [5. 5.]
 [5. 5.]
 [5. 5.]
 [5. 5.]
 [5. 5.]
 [4. 5.]
 [5. 5.]
 [5. 5.]
 [4. 5.]
 [5. 5.]
 [3. 5.]
 [5. 5.]
 [5. 5.]
 [5. 5.]
 [5. 5.]]
=======================================================
[-0.030303030303030276, 0.4631578947368421, 0.17741935483870974, 0.3465346534653465]===========5========= fold 1[[5. 5.]
 [2. 3.]
 [2. 2.]
 [2. 2.]
 [2. 3.]
 [5. 5.]
 [2. 2.]
 [2. 3.]
 [5. 5.]
 [5. 5.]
 [2. 4.]
 [5. 5.]
 [2. 2.]
 [2. 5.]
 [4. 5.]
 [5. 5.]
 [2. 2.]
 [2. 3.]
 [2. 3.]
 [2. 2.]
 [5. 5.]
 [5. 5.]
 [2. 2.]
 [2. 2.]
 [5. 5.]
 [2. 2.]
 [2. 2.]
 [2. 2.]
 [5. 5.]
 [3. 2.]
 [3. 5.]
 [3. 2.]
 [5. 4.]
 [2. 5.]]
===========5========= fold 2[[5. 5.]
 [2. 3.]
 [2. 2.]
 [2. 3.]
 [5. 5.]
 [5. 5.]
 [3. 4.]
 [2. 2.]
 [2. 2.]
 [2. 2.]
 [2. 2.]
 [2. 2.]
 [2. 3.]
 [2. 2.]
 [2. 2.]
 [2. 2.]
 [5. 5.]
 [5. 2.]
 [2. 2.]
 [2. 2.]
 [5. 5.]
 [2. 2.]
 [2. 2.]
 [3. 4.]
 [2. 2.]
 [2. 2.]
 [5. 5.]
 [2. 2.]
 [2. 2.]
 [2. 2.]
 [2. 2.]
 [2. 4.]
 [5. 4.]
 [2. 2.]]
===========5========= fold 3[[2. 2.]
 [4. 4.]
 [2. 2.]
 [5. 5.]
 [2. 2.]
 [2. 2.]
 [3. 3.]
 [5. 4.]
 [3. 5.]
 [5. 5.]
 [2. 2.]
 [2. 2.]
 [5. 5.]
 [2. 2.]
 [5. 5.]
 [2. 3.]
 [2. 2.]
 [2. 2.]
 [5. 3.]
 [2. 2.]
 [2. 4.]
 [5. 6.]
 [2. 2.]
 [2. 2.]
 [2. 2.]
 [2. 2.]
 [2. 3.]
 [5. 4.]
 [5. 6.]
 [5. 4.]
 [5. 5.]
 [5. 6.]
 [3. 5.]
 [2. 2.]]
===========5========= fold 4[[5. 5.]
 [2. 2.]
 [5. 2.]
 [5. 6.]
 [2. 2.]
 [2. 2.]
 [2. 2.]
 [5. 6.]
 [3. 3.]
 [5. 5.]
 [2. 3.]
 [5. 5.]
 [5. 4.]
 [5. 5.]
 [2. 2.]
 [2. 3.]
 [2. 2.]
 [2. 2.]
 [5. 4.]
 [2. 2.]
 [2. 2.]
 [2. 2.]
 [2. 3.]
 [5. 4.]
 [2. 2.]
 [2. 3.]
 [2. 2.]
 [5. 5.]
 [2. 2.]
 [2. 2.]
 [5. 5.]
 [5. 5.]
 [2. 2.]]
=======================================================
[0.732824427480916, 0.8148997134670487, 0.8243650452001722, 0.8646924829157175]